   58  1.0 Mo Pure hydrogen grid                                                                                                           Mon Oct 24 19:17:38 2016
 Teff   log g  Mbol     BC    U      B      V      R      I      J      H      K      u      g      r      i      z      y      b-y    u-b    v-y    V-I    G-R    U-V    U-G    B-V     Age
  1500. 8.641 21.110  1.138 24.079 21.958 19.973 20.123 22.056 21.807 21.700 22.612 25.067 20.866 19.988 22.406 21.882 19.882  1.385  4.917  3.228 -2.951 -0.576  5.481  4.406  2.382 1.086E+10
  1750. 8.641 20.441  1.003 23.501 21.512 19.438 19.347 20.785 20.610 20.638 21.453 24.471 20.421 19.235 21.114 20.802 19.371  1.468  4.696  3.244 -2.073  0.171  5.347  4.202  2.406 1.080E+10
  2000. 8.641 19.861  0.829 22.958 21.108 19.032 18.719 19.652 19.677 19.831 20.531 23.910 20.047 18.649 19.994 19.814 18.989  1.468  4.468  3.165 -1.241  0.807  5.126  3.983  2.344 1.073E+10
  2250. 8.641 19.350  0.610 22.489 20.773 18.740 18.254 18.742 18.862 19.088 19.644 23.425 19.750 18.246 19.101 19.006 18.711  1.435  4.247  3.056 -0.558  1.263  4.886  3.774  2.256 1.065E+10
  2500. 8.641 18.892  0.404 22.048 20.457 18.487 17.868 17.988 18.172 18.471 18.915 22.971 19.473 17.935 18.373 18.320 18.465  1.388  4.043  2.937 -0.015  1.565  4.651  3.583  2.159 1.056E+10
  2750. 8.641 18.478  0.212 21.638 20.161 18.265 17.551 17.373 17.577 17.926 18.273 22.549 19.218 17.692 17.795 17.749 18.245  1.334  3.856  2.817  0.407  1.728  4.428  3.406  2.059 1.045E+10
  3000. 8.641 18.100  0.042 21.239 19.872 18.058 17.283 16.878 17.042 17.422 17.706 22.139 18.970 17.489 17.342 17.272 18.038  1.275  3.677  2.693  0.715  1.780  4.207  3.238  1.956 1.033E+10
  3250. 8.641 17.752 -0.103 20.838 19.581 17.855 17.055 16.497 16.552 16.927 17.148 21.728 18.722 17.305 17.000 16.884 17.834  1.211  3.499  2.563  0.905  1.753  3.984  3.072  1.848 1.021E+10
  3500. 8.641 17.430 -0.218 20.422 19.278 17.648 16.853 16.214 16.103 16.444 16.620 21.303 18.464 17.126 16.742 16.583 17.626  1.142  3.318  2.425  0.986  1.675  3.753  2.901  1.733 1.008E+10
  3750. 8.641 17.130 -0.304 19.992 18.965 17.434 16.666 15.999 15.700 15.970 16.106 20.864 18.198 16.945 16.538 16.350 17.412  1.069  3.132  2.281  0.987  1.570  3.516  2.727  1.612 9.940E+09
  4000. 8.641 16.849 -0.352 19.517 18.618 17.201 16.474 15.815 15.354 15.515 15.600 20.379 17.904 16.749 16.353 16.158 17.179  0.989  2.926  2.120  0.936  1.441  3.252  2.534  1.477 9.769E+09
  4250. 8.640 16.585 -0.362 18.997 18.241 16.947 16.270 15.637 15.081 15.101 15.136 19.851 17.584 16.536 16.168 15.983 16.925  0.903  2.701  1.944  0.857  1.298  2.964  2.322  1.330 9.511E+09
  4500. 8.640 16.337 -0.336 18.436 17.836 16.673 16.050 15.454 14.877 14.751 14.760 19.280 17.240 16.304 15.974 15.810 16.652  0.814  2.455  1.757  0.764  1.148  2.655  2.091  1.174 9.246E+09
  4750. 8.640 16.101 -0.292 17.870 17.428 16.393 15.824 15.269 14.715 14.480 14.448 18.706 16.891 16.066 15.776 15.638 16.373  0.730  2.206  1.574  0.669  1.004  2.349  1.858  1.024 8.923E+09
  5000. 8.640 15.877 -0.238 17.321 17.032 16.115 15.597 15.084 14.572 14.286 14.217 18.150 16.549 15.827 15.577 15.467 16.096  0.653  1.968  1.405  0.575  0.869  2.060  1.635  0.885 8.536E+09
  5250. 8.639 15.664 -0.185 16.802 16.659 15.849 15.378 14.905 14.439 14.144 14.062 17.625 16.224 15.597 15.386 15.302 15.831  0.586  1.742  1.254  0.487  0.748  1.792  1.426  0.763 8.023E+09
  5500. 8.638 15.460 -0.142 16.325 16.317 15.601 15.174 14.737 14.316 14.030 13.951 17.144 15.925 15.383 15.206 15.147 15.585  0.528  1.534  1.122  0.407  0.640  1.551  1.236  0.657 7.303E+09
  6000. 8.636 15.076 -0.094 15.486 15.729 15.171 14.817 14.443 14.100 13.845 13.786 16.301 15.407 15.010 14.892 14.876 15.156  0.432  1.156  0.905  0.270  0.459  1.132  0.899  0.482 5.536E+09
  6500. 8.634 14.725 -0.096 14.821 15.263 14.821 14.526 14.205 13.924 13.697 13.661 15.637 14.992 14.708 14.637 14.656 14.808  0.360  0.866  0.750  0.159  0.317  0.822  0.652  0.355 4.765E+09
  7000. 8.633 14.401 -0.125 14.320 14.887 14.525 14.279 14.001 13.775 13.575 13.558 15.140 14.649 14.451 14.419 14.468 14.514  0.305  0.691  0.646  0.066  0.203  0.626  0.505  0.265 4.157E+09
  7500. 8.632 14.099 -0.165 13.928 14.568 14.264 14.057 13.817 13.643 13.470 13.469 14.751 14.352 14.220 14.223 14.298 14.253  0.263  0.588  0.577 -0.012  0.111  0.503  0.419  0.200 3.647E+09
  8000. 8.632 13.816 -0.209 13.606 14.290 14.025 13.852 13.646 13.521 13.377 13.388 14.431 14.089 14.009 14.041 14.140 14.015  0.229  0.529  0.531 -0.079  0.035  0.425  0.371  0.152 3.212E+09
  8500. 8.631 13.551 -0.253 13.332 14.040 13.804 13.660 13.485 13.409 13.291 13.312 14.158 13.849 13.811 13.869 13.992 13.794  0.201  0.498  0.501 -0.140 -0.031  0.377  0.347  0.118 2.823E+09
  9000. 8.630 13.300 -0.296 13.092 13.814 13.596 13.481 13.335 13.304 13.210 13.239 13.920 13.628 13.627 13.709 13.853 13.587  0.177  0.484  0.483 -0.198 -0.089  0.349  0.340  0.093 2.472E+09
  9500. 8.629 13.063 -0.338 12.876 13.605 13.401 13.312 13.193 13.205 13.133 13.169 13.706 13.423 13.453 13.557 13.724 13.391  0.156  0.480  0.474 -0.252 -0.143  0.334  0.341  0.077 2.166E+09
 10000. 8.628 12.838 -0.379 12.679 13.411 13.217 13.153 13.061 13.113 13.061 13.102 13.510 13.232 13.290 13.416 13.603 13.207  0.139  0.481  0.470 -0.305 -0.191  0.326  0.345  0.065 1.898E+09
 10500. 8.627 12.624 -0.423 12.497 13.233 13.047 13.007 12.940 13.028 12.993 13.039 13.330 13.056 13.140 13.286 13.493 13.036  0.123  0.482  0.468 -0.356 -0.236  0.319  0.349  0.057 1.660E+09
 11000. 8.626 12.419 -0.476 12.333 13.074 12.895 12.878 12.834 12.953 12.933 12.983 13.167 12.899 13.007 13.172 13.397 12.884  0.110  0.480  0.464 -0.402 -0.277  0.310  0.349  0.050 1.443E+09
 11500. 8.625 12.224 -0.544 12.187 12.937 12.768 12.770 12.745 12.888 12.880 12.933 13.021 12.765 12.895 13.076 13.316 12.756  0.097  0.472  0.457 -0.442 -0.313  0.295  0.342  0.041 1.249E+09
 12000. 8.624 12.036 -0.623 12.056 12.818 12.660 12.678 12.670 12.833 12.833 12.889 12.892 12.650 12.800 12.996 13.247 12.648  0.085  0.460  0.448 -0.476 -0.345  0.276  0.331  0.031 1.079E+09
 12500. 8.623 11.857 -0.709 11.939 12.713 12.566 12.598 12.605 12.784 12.792 12.850 12.775 12.548 12.718 12.926 13.188 12.554  0.073  0.446  0.438 -0.506 -0.374  0.255  0.318  0.021 9.326E+08
 13000. 8.622 11.684 -0.804 11.842 12.626 12.488 12.533 12.553 12.744 12.757 12.818 12.679 12.464 12.651 12.870 13.139 12.476  0.063  0.435  0.428 -0.531 -0.400  0.238  0.308  0.011 8.110E+08
 13500. 8.621 11.518 -0.912 11.766 12.558 12.429 12.483 12.513 12.712 12.730 12.792 12.603 12.399 12.599 12.828 13.102 12.418  0.053  0.427  0.419 -0.550 -0.421  0.222  0.299  0.003 7.222E+08
 14000. 8.620 11.358 -1.018 11.695 12.494 12.375 12.438 12.476 12.683 12.704 12.767 12.533 12.338 12.552 12.789 13.068 12.364  0.044  0.418  0.409 -0.568 -0.441  0.207  0.291 -0.006 6.547E+08
 14500. 8.620 11.203 -1.117 11.622 12.428 12.320 12.391 12.438 12.652 12.678 12.741 12.460 12.275 12.503 12.749 13.032 12.309  0.034  0.408  0.398 -0.585 -0.462  0.189  0.281 -0.018 5.954E+08
 15000. 8.619 11.054 -1.210 11.542 12.359 12.264 12.342 12.398 12.620 12.649 12.713 12.381 12.210 12.452 12.706 12.994 12.254  0.023  0.394  0.382 -0.601 -0.482  0.167  0.268 -0.033 5.428E+08
 15500. 8.618 10.910 -1.298 11.459 12.288 12.207 12.292 12.355 12.585 12.619 12.684 12.298 12.144 12.400 12.661 12.954 12.198  0.013  0.375  0.364 -0.614 -0.500  0.141  0.252 -0.049 4.960E+08
 16000. 8.617 10.769 -1.383 11.374 12.218 12.152 12.241 12.312 12.550 12.588 12.655 12.213 12.079 12.348 12.616 12.913 12.143  0.004  0.352  0.344 -0.626 -0.517  0.112  0.231 -0.067 4.545E+08
 16500. 8.616 10.634 -1.465 11.289 12.149 12.099 12.192 12.269 12.514 12.556 12.624 12.129 12.016 12.297 12.571 12.871 12.091 -0.004  0.327  0.323 -0.636 -0.531  0.081  0.209 -0.084 4.174E+08
 17000. 8.615 10.502 -1.545 11.206 12.083 12.047 12.144 12.226 12.479 12.524 12.594 12.046 11.956 12.248 12.527 12.830 12.040 -0.012  0.301  0.302 -0.644 -0.544  0.050  0.186 -0.101 3.842E+08
 20000. 8.610  9.784 -1.980 10.750 11.726 11.764 11.875 11.984 12.274 12.337 12.416 11.591 11.628 11.974 12.278 12.596 11.761 -0.045  0.151  0.195 -0.681 -0.602 -0.123  0.047 -0.179 2.405E+08
 25000. 8.602  8.795 -2.560 10.124 11.228 11.354 11.484 11.624 11.965 12.050 12.143 10.966 11.165 11.576 11.910 12.247 11.356 -0.081 -0.040  0.068 -0.728 -0.668 -0.337 -0.132 -0.265 1.209E+08
 30000. 8.594  7.982 -2.984  9.569 10.768 10.966 11.108 11.271 11.650 11.753 11.857 10.412 10.734 11.195 11.551 11.900 10.971 -0.105 -0.189 -0.036 -0.759 -0.713 -0.504 -0.273 -0.331 6.219E+07
 35000. 8.579  7.275 -3.369  9.145 10.395 10.643 10.789 10.962 11.358 11.469 11.572  9.988 10.380 10.872 11.240 11.594 10.651 -0.122 -0.279 -0.107 -0.771 -0.736 -0.606 -0.360 -0.374 3.566E+07
 40000. 8.569  6.671 -3.770  8.893 10.169 10.441 10.589 10.768 11.171 11.286 11.388  9.736 10.163 10.671 11.045 11.402 10.450 -0.128 -0.325 -0.142 -0.779 -0.748 -0.656 -0.403 -0.395 1.545E+07
 45000. 8.560  6.136 -4.152  8.708 10.000 10.288 10.437 10.621 11.028 11.144 11.246  9.552 10.000 10.518 10.896 11.255 10.297 -0.133 -0.353 -0.164 -0.783 -0.755 -0.687 -0.430 -0.410 5.478E+06
 50000. 8.551  5.656 -4.506  8.560  9.862 10.161 10.312 10.498 10.908 11.026 11.128  9.404  9.866 10.392 10.773 11.133 10.171 -0.136 -0.373 -0.179 -0.787 -0.761 -0.709 -0.449 -0.420 2.373E+06
 55000. 8.542  5.219 -4.832  8.432  9.743 10.051 10.202 10.390 10.803 10.922 11.023  9.276  9.750 10.281 10.665 11.026 10.061 -0.139 -0.388 -0.191 -0.790 -0.765 -0.726 -0.463 -0.428 1.371E+06
 60000. 8.533  4.818 -5.132  8.318  9.636  9.951 10.103 10.293 10.707 10.827 10.929  9.163  9.646 10.182 10.568 10.929  9.961 -0.141 -0.400 -0.201 -0.792 -0.769 -0.739 -0.475 -0.434 9.600E+05
 65000. 8.524  4.449 -5.411  8.216  9.540  9.860 10.013 10.204 10.620 10.741 10.842  9.061  9.551 10.091 10.479 10.840  9.870 -0.143 -0.410 -0.209 -0.794 -0.772 -0.751 -0.485 -0.440 7.405E+05
 70000. 8.515  4.105 -5.669  8.121  9.449  9.774  9.928 10.121 10.538 10.659 10.760  8.966  9.462 10.006 10.395 10.757  9.785 -0.144 -0.419 -0.216 -0.796 -0.774 -0.760 -0.493 -0.445 6.090E+05
 75000. 8.506  3.781 -5.910  8.029  9.362  9.691  9.845 10.040 10.458 10.579 10.681  8.874  9.376  9.923 10.313 10.676  9.702 -0.146 -0.426 -0.222 -0.798 -0.777 -0.769 -0.500 -0.449 5.144E+05
 80000. 8.496  3.478 -6.135  7.944  9.280  9.613  9.768  9.963 10.383 10.505 10.606  8.789  9.296  9.846 10.237 10.600  9.625 -0.147 -0.433 -0.227 -0.799 -0.779 -0.776 -0.506 -0.453 4.504E+05
 85000. 8.487  3.192 -6.347  7.863  9.203  9.539  9.694  9.891 10.311 10.433 10.534  8.708  9.220  9.772 10.164 10.528  9.551 -0.148 -0.438 -0.232 -0.801 -0.781 -0.782 -0.511 -0.456 4.098E+05
 90000. 8.478  2.921 -6.546  7.785  9.127  9.467  9.623  9.820 10.241 10.364 10.465  8.630  9.146  9.700 10.093 10.457  9.479 -0.149 -0.444 -0.236 -0.802 -0.783 -0.788 -0.516 -0.459 3.836E+05
   48  1.0 Mo Pure helium grid                                                                                                             Mon Oct 24 19:17:38 2016
 Teff   log g  Mbol     BC    U      B      V      R      I      J      H      K      u      g      r      i      z      y      b-y    u-b    v-y    V-I    G-R    U-V    U-G    B-V     Age
  3500. 8.657 17.469 -1.115 20.682 20.024 18.584 17.670 16.794 15.829 15.354 15.053 21.529 19.331 18.019 17.410 17.042 18.575  1.034  2.545  2.077  1.351  1.740  2.964  2.207  1.459 7.714E+09
  3750. 8.657 17.170 -0.878 19.861 19.350 18.047 17.225 16.431 15.584 15.161 14.895 20.700 18.717 17.545 17.018 16.712 18.034  0.939  2.318  1.892  1.172  1.534  2.669  1.994  1.306 7.582E+09
  4000. 8.657 16.889 -0.685 19.125 18.751 17.575 16.835 16.114 15.370 14.991 14.755 19.958 18.173 17.129 16.675 16.423 17.560  0.853  2.105  1.723  1.014  1.350  2.397  1.797  1.165 7.437E+09
  4250. 8.657 16.626 -0.531 18.467 18.220 17.157 16.490 15.834 15.180 14.840 14.630 19.296 17.690 16.762 16.373 16.169 17.141  0.776  1.911  1.570  0.873  1.185  2.149  1.617  1.039 7.270E+09
  4500. 8.657 16.377 -0.409 17.880 17.747 16.786 16.182 15.586 15.010 14.704 14.517 18.706 17.261 16.437 16.105 15.943 16.769  0.707  1.736  1.434  0.749  1.038  1.928  1.456  0.926 7.093E+09
  4750. 8.657 16.142 -0.313 17.359 17.327 16.455 15.907 15.362 14.857 14.582 14.415 18.182 16.878 16.146 15.865 15.739 16.438  0.647  1.583  1.315  0.640  0.911  1.735  1.315  0.827 6.899E+09
  5000. 8.656 15.919 -0.238 16.871 16.941 16.157 15.661 15.166 14.723 14.474 14.325 17.693 16.529 15.886 15.652 15.560 16.141  0.588  1.429  1.198  0.537  0.787  1.543  1.174  0.730 6.688E+09
  5250. 8.656 15.707 -0.184 16.438 16.597 15.891 15.441 14.989 14.603 14.377 14.244 17.258 16.217 15.654 15.462 15.400 15.875  0.537  1.293  1.095  0.447  0.680  1.374  1.050  0.645 6.442E+09
  5500. 8.656 15.505 -0.147 16.045 16.287 15.652 15.242 14.830 14.493 14.289 14.170 16.865 15.936 15.445 15.290 15.254 15.636  0.490  1.168  1.002  0.367  0.583  1.220  0.936  0.569 6.106E+09
  6000. 8.656 15.125 -0.115 15.380 15.760 15.240 14.897 14.551 14.297 14.128 14.033 16.200 15.456 15.083 14.990 14.998 15.226  0.415  0.963  0.850  0.234  0.425  0.968  0.750  0.443 5.315E+09
  6500. 8.655 14.776 -0.121 14.833 15.322 14.897 14.607 14.315 14.129 13.990 13.916 15.653 15.056 14.780 14.737 14.782 14.884  0.353  0.800  0.728  0.126  0.296  0.768  0.603  0.342 4.586E+09
  7000. 8.654 14.453 -0.146 14.383 14.952 14.598 14.351 14.103 13.974 13.860 13.802 15.204 14.714 14.513 14.511 14.585 14.587  0.307  0.681  0.635  0.040  0.196  0.619  0.495  0.266 3.987E+09
  7500. 8.654 14.152 -0.183 13.995 14.629 14.335 14.123 13.913 13.832 13.740 13.698 14.817 14.413 14.276 14.309 14.409 14.325  0.267  0.584  0.559 -0.034  0.111  0.497  0.407  0.202 3.512E+09
  8000. 8.653 13.870 -0.228 13.655 14.342 14.098 13.916 13.739 13.702 13.629 13.601 14.477 14.145 14.063 14.125 14.247 14.089  0.234  0.504  0.494 -0.097  0.039  0.396  0.334  0.149 3.109E+09
  8500. 8.653 13.606 -0.278 13.352 14.084 13.884 13.728 13.580 13.580 13.525 13.509 14.175 13.904 13.868 13.956 14.098 13.876  0.206  0.437  0.440 -0.151 -0.023  0.309  0.273  0.104 2.759E+09
  9000. 8.652 13.356 -0.334 13.080 13.853 13.690 13.557 13.434 13.469 13.429 13.425 13.904 13.687 13.692 13.803 13.962 13.684  0.181  0.377  0.391 -0.199 -0.077  0.233  0.218  0.064 2.449E+09
  9500. 8.652 13.120 -0.397 12.836 13.646 13.517 13.404 13.304 13.368 13.343 13.350 13.661 13.493 13.535 13.666 13.840 13.512  0.159  0.322  0.348 -0.242 -0.125  0.164  0.168  0.028 2.170E+09
 10000. 8.651 12.896 -0.467 12.615 13.460 13.363 13.268 13.188 13.279 13.267 13.282 13.441 13.319 13.395 13.544 13.731 13.358  0.139  0.270  0.308 -0.280 -0.170  0.100  0.122 -0.005 1.920E+09
 11000. 8.650 12.480 -0.620 12.234 13.141 13.099 13.037 12.990 13.126 13.134 13.165 13.061 13.020 13.157 13.335 13.545 13.095  0.104  0.179  0.239 -0.346 -0.246 -0.013  0.040 -0.063 1.501E+09
 12000. 8.649 12.099 -0.780 11.917 12.876 12.879 12.844 12.824 12.997 13.022 13.064 12.745 12.771 12.958 13.160 13.389 12.874  0.075  0.104  0.182 -0.401 -0.311 -0.105 -0.027 -0.111 1.164E+09
 13000. 8.648 11.748 -0.938 11.648 12.649 12.687 12.675 12.677 12.881 12.920 12.971 12.478 12.556 12.786 13.007 13.251 12.682  0.053  0.044  0.139 -0.448 -0.366 -0.177 -0.080 -0.151 8.921E+08
 14000. 8.647 11.424 -1.091 11.417 12.450 12.515 12.523 12.543 12.773 12.824 12.882 12.247 12.367 12.629 12.868 13.125 12.508  0.035 -0.001  0.107 -0.488 -0.413 -0.231 -0.118 -0.186 6.936E+08
 15000. 8.646 11.122 -1.233 11.215 12.273 12.356 12.380 12.417 12.669 12.730 12.793 12.046 12.196 12.484 12.738 13.004 12.347  0.023 -0.033  0.086 -0.524 -0.452 -0.269 -0.144 -0.214 5.756E+08
 16000. 8.645 10.840 -1.365 11.037 12.111 12.205 12.245 12.294 12.564 12.634 12.703 11.868 12.039 12.346 12.612 12.887 12.194  0.015 -0.054  0.075 -0.555 -0.484 -0.290 -0.159 -0.236 4.858E+08
 17000. 8.644 10.574 -1.488 10.877 11.963 12.062 12.114 12.173 12.457 12.535 12.610 11.708 11.892 12.214 12.489 12.770 12.047  0.011 -0.066  0.072 -0.581 -0.509 -0.301 -0.166 -0.252 4.128E+08
 18000. 8.643 10.323 -1.607 10.733 11.828 11.930 11.993 12.059 12.350 12.436 12.516 11.565 11.758 12.091 12.372 12.658 11.911  0.010 -0.074  0.072 -0.603 -0.529 -0.306 -0.170 -0.264 3.535E+08
 19000. 8.642 10.086 -1.727 10.603 11.707 11.813 11.885 11.956 12.251 12.343 12.425 11.437 11.639 11.982 12.269 12.558 11.790  0.009 -0.083  0.071 -0.622 -0.547 -0.311 -0.175 -0.273 3.045E+08
 20000. 8.641  9.861 -1.851 10.488 11.601 11.711 11.792 11.868 12.166 12.260 12.344 11.322 11.535 11.888 12.180 12.472 11.686  0.007 -0.094  0.067 -0.638 -0.562 -0.321 -0.183 -0.281 2.635E+08
 21000. 8.640  9.646 -1.978 10.385 11.507 11.625 11.713 11.794 12.095 12.192 12.276 11.219 11.444 11.808 12.104 12.400 11.599  0.003 -0.106  0.060 -0.652 -0.577 -0.334 -0.193 -0.290 2.288E+08
 22000. 8.639  9.442 -2.110 10.294 11.426 11.552 11.646 11.733 12.037 12.137 12.220 11.129 11.366 11.740 12.041 12.340 11.526 -0.002 -0.119  0.050 -0.664 -0.590 -0.350 -0.204 -0.300 1.994E+08
 23000. 8.638  9.246 -2.246 10.219 11.358 11.492 11.591 11.684 11.992 12.093 12.178 11.054 11.301 11.684 11.990 12.292 11.466 -0.007 -0.130  0.041 -0.675 -0.602 -0.364 -0.214 -0.308 1.743E+08
 24000. 8.637  9.059 -2.390 10.165 11.310 11.450 11.552 11.649 11.961 12.063 12.148 11.001 11.254 11.644 11.954 12.259 11.424 -0.011 -0.138  0.034 -0.682 -0.611 -0.374 -0.221 -0.315 1.529E+08
 25000. 8.636  8.879 -2.541 10.129 11.277 11.421 11.525 11.625 11.939 12.042 12.127 10.964 11.223 11.617 11.930 12.236 11.395 -0.014 -0.144  0.029 -0.687 -0.616 -0.381 -0.226 -0.320 1.344E+08
 26000. 8.635  8.706 -2.688 10.095 11.247 11.394 11.500 11.603 11.919 12.023 12.108 10.931 11.194 11.592 11.907 12.214 11.369 -0.017 -0.149  0.024 -0.691 -0.621 -0.388 -0.230 -0.324 1.182E+08
 27000. 8.634  8.540 -2.825 10.057 11.213 11.365 11.473 11.579 11.897 12.002 12.088 10.894 11.161 11.564 11.882 12.191 11.340 -0.020 -0.154  0.019 -0.696 -0.627 -0.396 -0.235 -0.329 1.040E+08
 28000. 8.633  8.379 -2.950 10.012 11.172 11.330 11.441 11.550 11.872 11.978 12.064 10.849 11.123 11.531 11.852 12.163 11.305 -0.024 -0.161  0.013 -0.703 -0.635 -0.405 -0.241 -0.336 9.142E+07
 29000. 8.632  8.224 -3.065  9.961 11.126 11.290 11.404 11.518 11.844 11.951 12.037 10.798 11.079 11.494 11.819 12.132 11.265 -0.029 -0.169  0.005 -0.711 -0.644 -0.416 -0.247 -0.344 8.030E+07
 30000. 8.631  8.074 -3.171  9.904 11.075 11.246 11.364 11.483 11.813 11.922 12.009 10.741 11.030 11.453 11.782 12.099 11.222 -0.034 -0.178 -0.003 -0.719 -0.654 -0.428 -0.255 -0.352 7.040E+07
 31000. 8.626  7.920 -3.270  9.834 11.013 11.191 11.313 11.436 11.772 11.881 11.969 10.672 10.970 11.400 11.734 12.053 11.168 -0.040 -0.188 -0.013 -0.727 -0.664 -0.442 -0.264 -0.361 6.182E+07
 32000. 8.625  7.780 -3.363  9.772 10.958 11.143 11.268 11.396 11.736 11.848 11.936 10.610 10.918 11.355 11.692 12.014 11.121 -0.045 -0.199 -0.023 -0.733 -0.672 -0.457 -0.274 -0.368 5.230E+07
 33000. 8.624  7.644 -3.452  9.708 10.902 11.095 11.222 11.355 11.700 11.813 11.902 10.547 10.865 11.309 11.650 11.974 11.075 -0.050 -0.211 -0.033 -0.738 -0.680 -0.474 -0.286 -0.375 4.397E+07
 34000. 8.623  7.512 -3.536  9.645 10.847 11.048 11.177 11.313 11.663 11.777 11.868 10.484 10.813 11.263 11.607 11.934 11.029 -0.055 -0.224 -0.044 -0.743 -0.686 -0.490 -0.298 -0.382 3.673E+07
 35000. 8.622  7.383 -3.617  9.581 10.791 11.000 11.131 11.270 11.625 11.740 11.833 10.420 10.760 11.216 11.563 11.892 10.982 -0.060 -0.236 -0.055 -0.747 -0.692 -0.506 -0.310 -0.388 3.052E+07
 36000. 8.621  7.258 -3.695  9.519 10.737 10.953 11.085 11.228 11.587 11.704 11.798 10.359 10.708 11.170 11.520 11.851 10.936 -0.064 -0.248 -0.065 -0.751 -0.698 -0.521 -0.322 -0.393 2.525E+07
 37000. 8.620  7.136 -3.769  9.458 10.683 10.905 11.040 11.186 11.549 11.667 11.762 10.297 10.656 11.124 11.476 11.810 10.890 -0.068 -0.260 -0.074 -0.755 -0.703 -0.536 -0.333 -0.398 2.084E+07
 38000. 8.619  7.017 -3.842  9.397 10.629 10.858 10.994 11.144 11.511 11.631 11.727 10.237 10.605 11.078 11.433 11.768 10.844 -0.072 -0.272 -0.083 -0.759 -0.708 -0.551 -0.345 -0.403 1.722E+07
 39000. 8.617  6.900 -3.911  9.336 10.575 10.811 10.949 11.101 11.472 11.594 11.692 10.176 10.554 11.032 11.390 11.727 10.797 -0.075 -0.283 -0.092 -0.763 -0.713 -0.565 -0.356 -0.408 1.432E+07
 40000. 8.616  6.787 -3.977  9.276 10.522 10.764 10.903 11.059 11.434 11.557 11.656 10.116 10.503 10.986 11.346 11.685 10.751 -0.078 -0.294 -0.101 -0.767 -0.717 -0.578 -0.367 -0.413 1.206E+07
